500 5000 81
84 177 10
89 143 19
76 217 14
173 344 11
71 171 18
100 415 12
178 188 16
41 187 19
30 336 13
24 383 18
281 348 19
221 264 14
1 81 14
131 461 14
85 367 16
395 443 20
217 486 16
91 341 10
342 354 11
326 408 19
222 480 19
129 212 15
70 93 13
7 300 13
93 417 13
136 386 19
197 217 15
413 472 10
384 488 17
249 488 14
86 274 11
11 160 12
283 413 16
221 442 13
81 314 16
38 65 18
141 276 15
27 103 20
412 414 16
90 466 12
304 356 10
5 137 15
36 47 12
151 447 18
447 475 10
78 148 17
285 297 17
159 298 10
2 492 12
38 104 14
157 389 19
80 262 17
18 394 17
102 277 16
313 362 20
52 248 17
73 327 16
60 300 10
132 238 18
360 449 11
57 85 15
392 499 13
341 414 16
49 269 13
95 360 14
54 366 15
133 398 17
308 449 20
307 357 13
89 279 18
189 339 20
32 147 11
119 236 16
160 493 18
19 315 11
39 389 12
80 436 11
81 276 17
141 360 11
10 349 14
404 461 10
128 356 13
289 479 15
102 241 13
355 372 12
424 448 11
374 494 13
317 484 16
227 284 15
45 348 11
161 290 16
149 166 20
398 487 14
256 499 13
358 364 10
214 480 20
406 412 10
0 202 11
431 440 19
75 246 17
214 270 12
350 395 14
276 383 13
55 408 11
6 379 14
84 230 11
298 441 16
246 434 16
107 181 18
41 161 15
336 416 10
173 263 14
286 416 18
176 402 16
184 452 18
179 207 10
302 320 13
380 426 10
99 400 13
185 224 17
342 378 19
94 238 17
123 266 18
63 258 11
94 327 12
7 148 19
61 342 16
122 429 16
299 386 19
384 498 17
191 302 16
234 266 10
263 299 16
24 163 12
94 408 18
39 195 10
189 380 14
17 45 11
129 178 13
98 434 18
119 203 11
90 471 13
234 340 13
107 209 16
354 432 15
9 177 18
140 153 12
222 463 10
3 51 12
51 104 19
112 143 17
50 486 15
328 483 16
3 456 18
175 313 16
92 220 18
22 233 18
345 425 10
30 312 11
270 425 10
48 443 13
87 463 12
120 243 19
29 33 14
249 334 15
195 403 16
104 223 18
61 75 17
50 381 19
244 448 19
153 296 13
223 440 18
115 463 17
82 140 20
187 284 20
24 198 14
404 457 20
148 202 19
102 171 12
359 416 18
75 122 17
287 481 14
259 482 12
378 414 10
95 285 16
182 488 10
15 97 11
393 465 15
77 112 15
91 360 16
123 456 19
64 230 20
72 108 12
162 459 10
103 156 14
67 402 17
91 425 17
30 373 10
402 407 13
27 137 19
86 256 10
356 498 10
253 455 18
131 253 17
124 169 18
269 290 13
161 181 18
3 24 18
329 369 13
117 484 19
440 474 20
32 52 18
81 126 20
286 403 14
101 425 16
312 468 16
227 253 11
128 456 10
357 419 11
160 362 10
102 252 13
187 292 16
136 484 18
395 474 16
106 405 10
294 488 14
0 341 13
190 348 14
349 435 13
1 437 12
367 470 13
236 315 11
200 284 19
275 376 13
2 247 17
8 163 19
121 486 15
68 350 20
167 469 12
331 367 10
19 273 11
119 380 14
28 234 17
79 368 12
158 418 11
243 324 11
239 294 15
110 136 13
85 180 14
67 341 16
87 199 15
36 493 18
269 418 17
107 481 16
177 350 15
180 334 15
137 222 13
270 404 12
33 351 16
223 227 13
267 289 20
392 457 18
26 261 20
349 465 10
27 107 17
128 251 16
68 410 19
427 482 19
80 179 11
158 329 18
301 372 13
204 277 13
293 408 19
125 290 16
134 285 12
125 491 14
3 149 16
370 372 20
167 377 14
395 397 12
11 220 15
13 58 15
35 395 17
6 474 12
255 366 14
134 384 14
47 64 19
125 303 13
190 402 20
143 270 18
378 468 12
191 316 15
13 98 14
161 365 17
107 431 13
172 328 18
94 130 19
231 332 13
342 410 10
396 399 20
273 376 10
8 246 20
28 347 11
66 242 15
315 395 13
53 188 16
272 431 16
167 306 16
444 483 16
25 473 14
25 265 17
260 450 20
278 417 20
78 137 19
231 336 14
243 438 10
255 307 19
83 310 19
249 475 13
59 403 12
191 226 12
33 58 17
8 191 16
190 297 16
92 228 19
173 455 12
19 453 13
181 208 15
262 456 20
340 370 15
417 450 14
310 341 12
7 226 15
43 81 20
83 375 15
316 478 18
138 261 17
1 353 13
220 353 17
29 131 19
355 456 16
239 312 18
261 420 15
155 278 14
212 358 17
10 455 14
96 147 17
389 436 17
81 259 12
107 166 19
72 439 10
12 485 16
116 290 11
41 419 10
49 197 17
17 300 18
339 489 13
330 333 14
160 310 13
21 347 17
361 445 11
127 431 16
180 184 13
110 297 14
213 454 18
50 459 13
94 343 19
288 353 16
170 281 12
1 186 13
361 434 14
196 493 11
369 419 11
110 224 11
171 248 10
0 431 15
57 458 11
188 215 19
74 261 18
159 357 18
13 376 14
272 284 11
420 493 18
120 136 16
90 462 19
18 179 13
190 355 18
191 329 12
165 331 11
11 245 19
35 379 20
233 419 17
54 452 12
155 472 16
0 187 20
253 452 11
249 416 10
24 54 13
207 301 19
6 368 17
103 427 20
357 445 12
51 74 16
36 381 13
337 463 19
139 275 15
292 426 10
412 450 16
161 206 20
250 415 11
134 497 13
69 318 16
334 350 10
16 36 15
40 120 18
280 475 13
107 466 10
196 450 16
20 197 11
14 194 10
207 331 11
42 124 14
142 449 17
215 343 18
113 230 20
197 306 14
71 158 15
203 243 12
160 253 11
96 292 13
283 425 13
203 273 13
107 139 15
145 446 13
97 281 12
39 384 12
219 384 16
257 454 18
210 476 10
191 418 11
61 160 20
33 366 16
65 285 19
122 440 20
87 418 14
198 394 14
266 328 11
289 302 13
75 446 16
0 15 20
356 467 18
108 147 17
220 430 14
36 242 13
109 241 12
121 174 14
122 469 13
193 358 13
277 346 18
167 255 10
113 226 17
119 133 19
369 469 15
93 402 20
176 305 16
188 491 20
35 63 14
156 463 19
94 123 13
29 316 12
312 455 11
92 457 17
26 378 19
436 473 11
87 431 15
13 370 20
324 447 13
238 408 14
362 421 20
224 318 16
310 375 17
162 446 10
131 205 17
52 274 20
115 395 15
62 97 15
101 192 11
253 343 13
32 365 18
217 310 16
232 257 20
276 358 13
23 333 17
32 60 19
108 359 19
178 495 10
40 404 12
93 173 10
55 231 11
40 58 17
203 315 14
243 254 12
383 410 16
240 385 12
88 410 18
125 223 18
160 298 10
311 387 19
116 132 10
348 417 11
14 182 20
367 375 13
94 102 16
123 294 18
375 376 20
56 345 16
166 483 10
70 213 18
168 402 13
193 487 19
9 302 19
70 79 14
40 295 13
23 147 20
1 313 13
201 407 13
42 291 17
85 221 14
34 159 20
102 205 12
419 433 12
27 339 17
190 207 17
90 302 12
150 152 17
219 282 10
273 355 15
270 334 13
131 165 13
75 296 19
135 468 14
178 261 14
73 98 19
12 214 13
20 198 14
9 318 18
8 456 18
6 208 10
132 499 10
55 379 19
190 395 15
428 466 15
93 351 16
33 460 14
202 343 17
38 310 10
98 175 13
233 328 20
323 424 16
223 430 10
63 100 18
339 398 10
352 435 18
312 318 14
310 370 10
285 332 14
311 408 13
98 313 11
321 356 14
219 467 20
82 417 13
86 112 11
99 199 10
101 432 17
108 126 10
357 437 15
5 447 17
118 362 13
129 250 17
416 430 19
77 423 20
10 223 17
29 461 19
21 437 12
263 390 18
342 469 12
244 353 12
67 317 17
352 376 13
247 340 18
224 387 20
245 253 13
249 384 20
264 496 19
254 400 13
88 391 20
352 434 17
461 472 11
383 441 13
97 181 18
27 30 12
218 375 16
166 302 12
216 318 14
166 433 10
21 343 17
10 37 11
108 209 19
352 439 13
303 430 17
311 382 18
98 384 13
42 93 19
287 348 15
262 375 13
317 497 12
141 186 12
48 246 14
213 420 11
113 252 20
183 322 13
310 487 10
211 431 20
20 396 17
432 493 19
160 235 14
285 479 17
243 440 18
380 485 19
263 286 18
214 252 15
154 363 12
213 342 19
30 201 20
316 337 17
374 393 19
7 487 10
192 212 13
139 141 12
89 314 11
2 99 20
38 63 14
429 478 18
90 264 14
459 492 12
113 405 15
36 279 16
21 111 18
37 473 16
100 279 20
22 318 16
299 312 18
78 387 12
331 433 16
247 477 19
9 95 17
252 282 13
257 319 17
410 498 17
7 30 14
114 300 10
461 469 19
196 385 18
29 338 20
416 451 20
121 201 12
143 293 13
196 364 19
315 393 20
76 128 11
60 86 10
114 355 17
186 498 18
380 384 19
222 450 12
103 243 20
37 243 14
8 187 20
20 89 13
52 85 16
97 380 20
104 106 13
424 466 19
372 442 12
286 418 19
288 413 11
203 459 20
397 474 19
26 462 14
127 276 18
307 416 17
64 100 10
445 470 18
173 196 16
99 182 11
240 458 10
71 139 12
179 330 17
334 379 10
235 315 16
261 494 17
47 416 13
35 276 20
384 427 14
120 478 18
60 154 12
137 328 12
154 293 14
286 475 12
238 453 12
269 472 17
331 430 19
15 129 12
84 336 12
203 325 15
269 322 17
392 432 20
24 324 17
268 403 11
175 479 19
156 238 10
217 363 17
21 83 14
165 228 10
115 330 20
104 431 13
122 298 19
199 495 14
210 366 19
273 421 11
189 270 12
17 180 17
105 486 10
124 217 15
28 495 16
200 433 17
179 367 18
85 246 16
274 498 13
162 272 16
179 443 17
47 78 12
346 459 19
287 370 16
273 465 14
95 138 13
261 485 18
192 244 10
327 328 14
102 406 13
135 290 16
186 402 19
5 294 14
222 334 20
118 496 20
213 478 20
21 130 14
160 226 14
346 366 11
48 420 15
20 407 17
48 341 16
81 461 12
265 347 20
99 258 10
199 449 16
318 357 19
381 465 13
17 398 11
239 377 13
42 92 12
294 489 13
66 422 15
51 172 12
180 363 18
103 404 18
91 137 17
37 362 19
77 460 17
284 382 17
30 483 10
293 418 12
57 127 20
5 431 10
308 425 17
226 410 16
34 424 17
153 181 14
405 449 10
365 482 13
91 421 19
38 182 12
233 494 12
306 328 17
340 398 10
51 302 11
21 185 20
131 146 20
265 375 15
291 475 16
66 135 10
291 469 12
5 25 20
194 213 15
21 142 15
30 320 14
157 238 13
22 193 19
74 115 20
32 313 20
304 382 12
75 342 18
315 385 12
251 271 13
256 464 19
29 347 16
188 346 11
395 446 17
200 484 17
43 482 18
16 100 11
67 281 20
117 159 12
309 493 13
43 465 13
11 368 20
47 296 15
193 305 15
177 198 12
189 297 13
258 261 18
15 119 13
29 110 10
148 314 16
45 48 12
28 135 20
78 122 20
448 472 15
292 353 16
297 301 20
94 278 20
54 107 13
157 206 10
383 416 16
14 392 14
288 378 19
88 434 12
85 435 15
256 324 12
177 250 13
47 388 10
192 453 18
35 272 16
326 479 13
209 266 19
369 430 17
439 443 14
346 449 15
17 46 19
16 170 11
85 122 15
166 456 13
346 489 16
127 480 15
263 289 10
148 230 11
321 368 10
139 163 17
50 119 19
26 53 13
436 444 14
155 227 15
105 318 20
125 382 14
292 472 11
71 364 15
55 115 12
55 299 20
195 437 19
283 477 15
101 398 13
97 372 13
53 336 11
45 277 18
151 166 12
351 472 12
237 298 16
69 257 20
44 85 11
324 384 12
234 324 16
92 365 15
26 60 15
58 167 12
64 411 12
173 336 18
174 359 20
212 465 11
56 385 17
112 150 17
105 154 13
231 364 18
321 382 18
257 411 15
389 391 16
71 430 15
395 409 10
30 303 12
395 488 19
210 367 14
4 94 17
139 350 20
303 348 20
105 278 16
446 478 16
159 311 16
359 497 12
59 165 14
283 457 14
372 465 17
440 483 16
150 259 13
263 425 20
271 477 13
175 282 10
138 203 14
348 433 19
255 297 12
125 137 12
13 371 14
361 405 12
213 301 13
118 134 13
44 262 18
23 169 18
99 406 17
161 179 16
29 372 13
25 474 17
175 231 15
49 97 20
47 440 20
231 243 12
290 491 17
7 60 18
109 463 15
214 481 19
101 323 14
223 424 11
399 430 14
244 289 20
328 412 17
225 393 12
148 253 12
321 469 17
456 472 13
13 403 19
147 324 20
368 425 13
17 197 17
158 194 20
199 223 15
74 294 16
396 431 11
411 444 13
211 233 11
80 278 20
8 291 19
423 472 10
30 276 16
124 230 10
6 327 19
254 357 20
108 138 15
50 444 17
348 467 12
208 336 17
375 387 11
282 494 18
254 497 18
59 157 15
373 454 19
134 377 17
196 347 19
336 401 19
93 451 17
293 361 13
203 294 17
112 412 10
46 472 10
403 413 10
114 497 17
466 476 14
85 456 11
22 189 11
117 306 20
77 185 20
4 338 11
231 468 15
2 233 14
342 484 15
325 440 20
136 274 10
109 147 11
187 417 16
27 394 20
338 459 19
200 348 16
48 139 11
80 361 18
23 103 20
202 337 17
75 484 11
280 401 17
309 396 16
8 376 15
228 416 17
6 491 19
211 485 12
221 491 14
167 386 19
59 494 12
89 323 13
271 354 19
96 244 11
229 440 12
185 499 19
290 438 10
152 381 14
38 309 19
207 337 19
93 478 20
363 379 10
61 79 13
362 449 16
362 380 19
161 415 14
65 453 14
28 239 10
72 290 13
50 270 10
41 96 20
352 390 14
147 335 15
255 410 16
308 414 14
201 273 19
9 202 18
138 187 16
65 181 11
125 388 15
111 182 12
45 419 13
50 170 20
377 411 12
227 486 13
60 256 16
171 176 10
68 146 15
278 283 18
373 471 14
304 471 13
81 402 11
29 202 18
348 447 19
185 416 10
62 120 20
41 267 19
74 303 15
383 450 17
37 498 10
345 477 18
83 368 14
18 498 18
252 448 11
10 344 15
2 462 12
100 395 20
89 290 10
194 258 14
130 403 18
312 485 10
141 396 20
219 452 14
180 218 10
102 174 16
240 383 15
51 77 11
23 48 18
230 389 18
1 308 18
238 366 17
15 199 20
231 434 12
268 492 14
121 236 17
20 209 20
366 376 14
113 179 12
164 332 13
43 178 15
102 265 14
275 468 16
149 219 13
127 398 15
230 348 15
85 232 15
168 178 16
154 257 10
7 329 13
363 390 15
74 486 12
194 266 12
81 122 14
6 304 12
112 374 13
158 341 14
74 134 10
451 475 14
144 370 18
1 450 11
162 171 12
128 253 10
45 186 11
106 298 20
387 436 18
233 340 18
358 374 12
460 483 19
46 392 18
314 355 20
260 451 20
222 235 14
255 468 20
31 134 12
67 381 17
237 274 10
356 473 16
372 482 19
374 470 15
146 170 19
150 428 14
26 73 17
142 154 13
395 468 15
35 494 12
94 170 13
149 181 17
110 438 12
61 350 20
88 444 19
179 466 19
14 24 19
89 174 14
54 174 12
120 325 15
177 325 12
129 420 16
86 473 16
78 423 12
304 394 10
124 426 19
43 302 16
1 452 20
242 292 20
410 476 20
42 134 16
141 259 20
74 168 19
94 411 17
33 399 10
0 307 16
79 148 16
405 421 20
16 244 12
29 491 17
256 439 20
57 389 11
77 353 18
33 398 10
116 312 11
148 250 12
36 63 17
293 383 16
296 440 14
190 277 11
216 327 18
284 354 18
67 371 12
220 387 19
283 334 13
289 340 13
299 483 11
92 409 12
360 390 20
52 67 18
199 257 17
17 480 16
172 411 17
193 377 17
275 385 10
329 340 19
335 496 18
200 257 16
7 129 17
201 431 14
2 459 13
378 419 15
48 408 11
163 296 18
131 296 13
19 252 14
180 252 15
179 411 13
232 394 14
79 328 10
45 184 20
215 344 15
57 311 14
297 462 10
183 450 18
120 482 13
60 231 20
36 392 18
48 185 15
317 430 12
242 380 20
50 253 17
15 118 14
199 465 16
26 291 15
261 447 19
54 428 20
55 179 19
164 280 20
113 380 14
159 232 20
252 465 15
116 437 15
29 144 12
28 207 12
432 485 11
22 373 11
8 283 13
82 302 12
452 498 20
59 355 10
57 382 11
210 223 10
297 340 12
283 361 15
59 380 13
3 59 16
50 462 19
47 73 18
411 460 19
326 340 12
15 86 16
156 292 15
344 462 14
178 233 16
13 85 20
345 396 15
92 103 17
306 419 10
123 386 12
88 339 15
101 478 17
85 181 13
78 416 20
85 436 18
202 401 20
284 383 11
338 444 16
164 340 12
166 341 18
141 384 13
193 359 14
37 397 15
117 160 13
80 109 18
115 399 14
121 418 14
24 473 12
95 328 13
118 409 16
96 298 14
211 414 18
74 233 12
259 481 16
58 407 17
147 228 12
68 462 13
170 251 16
136 496 11
38 395 17
166 308 15
439 482 17
58 309 10
267 313 12
47 111 18
143 239 14
58 344 14
101 189 18
245 448 19
30 325 19
39 123 16
28 398 11
352 396 16
53 488 14
298 369 14
54 455 19
255 444 17
275 349 13
331 485 10
240 384 19
274 321 13
54 161 14
270 293 16
223 357 16
325 432 13
144 428 10
48 486 20
361 466 14
50 118 11
23 101 16
33 81 19
235 412 14
237 362 17
303 410 14
51 262 13
13 424 17
139 420 12
10 129 12
281 391 10
26 324 19
57 405 12
16 59 10
101 366 11
322 470 19
68 276 16
108 220 11
314 411 14
434 453 11
143 227 10
256 454 16
275 356 20
124 221 17
193 368 11
448 453 11
30 396 11
105 401 18
292 421 20
152 240 18
13 156 20
386 491 11
184 480 16
389 454 12
339 444 13
158 397 20
155 466 19
226 268 18
96 355 18
395 401 10
180 388 16
30 481 12
235 316 17
310 315 10
218 319 11
244 301 19
25 173 10
57 241 13
171 426 10
25 330 13
3 198 12
337 467 10
89 419 15
218 346 16
186 445 17
280 485 11
213 453 14
402 451 16
189 271 12
244 271 15
158 280 15
353 406 13
223 444 11
383 438 17
307 393 10
236 440 17
56 402 11
459 465 12
17 217 13
190 471 14
208 380 16
306 436 17
77 451 18
101 333 20
72 437 15
268 488 20
14 74 14
108 180 17
54 231 12
167 345 13
113 191 15
174 335 17
48 304 14
35 367 18
407 481 16
414 485 20
208 376 14
337 489 11
176 244 12
322 381 13
362 488 12
193 412 14
25 125 13
147 484 18
411 492 11
442 482 13
303 342 10
52 268 13
201 237 13
417 490 18
7 446 14
188 342 10
9 118 20
174 410 20
84 213 20
28 39 20
124 258 10
268 449 16
315 411 15
131 494 18
271 307 16
12 23 11
167 238 18
148 487 16
163 424 12
64 401 11
71 267 18
224 296 20
125 446 15
191 397 17
272 457 14
318 473 16
173 360 16
356 393 19
230 302 11
116 349 20
61 483 13
114 152 13
20 35 16
299 339 13
187 364 18
23 456 17
262 326 14
66 94 10
337 423 12
40 66 16
8 425 10
426 482 15
80 317 15
253 299 17
94 179 15
154 181 15
2 17 10
213 327 14
232 470 17
326 456 19
29 100 11
342 343 10
62 151 13
28 407 11
215 295 11
7 188 12
25 113 14
106 245 20
422 474 18
63 493 20
79 87 15
98 333 17
182 303 10
317 419 10
26 145 18
202 321 13
262 386 20
55 258 16
259 469 13
311 455 12
149 493 15
1 210 11
7 89 12
44 416 16
129 482 19
10 340 12
62 313 14
35 254 18
411 445 18
266 481 16
394 402 18
47 364 19
156 269 11
209 357 19
245 386 14
257 485 12
24 210 14
47 250 12
20 214 12
140 253 20
73 111 11
49 313 18
96 289 15
56 121 10
283 394 11
128 466 10
338 375 20
414 497 16
421 466 15
200 311 11
129 244 19
436 477 19
6 363 15
290 482 16
84 475 18
199 374 11
243 382 10
194 251 13
338 436 12
136 138 11
372 493 11
176 290 16
293 480 14
92 368 20
119 412 18
2 441 15
70 196 15
242 251 11
49 162 17
53 258 14
29 484 15
31 495 16
115 309 10
115 340 17
120 331 18
112 449 11
93 291 16
104 279 15
4 303 10
1 288 17
18 151 16
81 233 10
177 379 17
169 282 15
312 478 20
193 431 11
65 236 11
173 223 15
54 309 11
400 455 18
129 450 13
284 337 17
335 452 14
218 377 18
63 68 13
374 480 20
297 471 11
241 287 11
404 482 19
36 125 19
58 460 16
110 403 10
49 196 18
37 367 13
17 113 18
43 388 18
120 236 17
183 339 15
475 490 19
135 199 17
181 466 10
12 411 14
261 465 14
129 398 13
46 463 13
34 484 14
164 411 13
100 284 12
287 484 11
194 373 19
80 277 12
7 493 17
56 306 10
199 295 16
129 179 20
119 477 10
206 266 17
11 468 20
270 416 20
3 316 16
360 404 12
1 419 11
47 333 11
15 128 13
16 364 13
218 257 17
180 466 17
207 445 18
370 394 17
147 181 18
252 492 10
12 477 19
91 112 19
140 156 11
324 329 14
38 167 17
35 258 20
283 433 12
161 326 14
37 169 14
84 404 10
185 398 18
288 306 15
51 211 10
75 343 18
38 229 17
173 317 18
11 448 15
127 148 14
233 477 10
92 343 13
28 485 18
57 411 20
1 427 12
29 147 13
125 390 14
275 389 11
240 455 11
411 415 16
211 358 14
68 432 12
129 415 18
94 124 19
94 350 11
5 378 10
280 319 12
16 82 13
194 390 13
101 346 17
160 444 20
45 126 10
374 485 13
379 482 15
86 294 19
41 427 18
141 466 19
124 269 11
128 275 16
428 446 12
269 380 18
416 482 15
74 351 19
75 385 15
354 446 12
375 476 11
26 50 15
36 56 11
221 478 15
136 316 19
270 304 14
152 499 14
258 377 17
249 476 19
29 52 14
44 72 17
185 427 19
103 341 17
210 373 12
90 139 16
134 324 15
156 499 13
108 384 16
268 363 19
244 368 16
179 258 17
237 480 14
89 278 18
2 175 18
319 368 14
421 455 18
17 218 15
37 126 20
68 99 13
59 251 16
146 288 17
397 491 16
77 437 12
51 392 15
154 247 11
283 339 10
263 283 20
13 295 11
145 342 20
101 297 16
55 488 15
105 454 17
79 210 12
110 155 12
248 482 18
226 352 19
201 429 13
200 301 11
140 340 19
124 386 20
167 349 19
21 209 12
77 470 12
256 489 14
310 359 19
110 442 11
52 208 17
132 247 10
31 331 15
359 470 11
12 84 17
100 136 20
31 160 12
4 331 19
40 105 20
455 483 19
23 212 19
87 223 17
455 488 19
88 445 14
303 339 12
241 436 10
45 356 15
0 98 10
259 465 13
282 325 17
47 117 14
378 399 11
34 100 14
131 436 20
188 358 19
122 140 17
323 498 20
23 353 14
1 442 15
12 14 14
242 370 18
93 379 14
64 487 16
172 475 12
381 444 15
133 341 15
64 491 20
159 313 12
156 382 19
266 267 18
114 416 20
283 306 16
61 309 14
165 489 15
52 379 10
387 495 16
123 180 19
73 116 16
195 334 14
236 454 18
15 318 14
313 426 18
188 396 20
158 276 13
12 193 18
0 292 20
266 383 18
282 498 17
347 428 16
279 430 16
24 338 11
174 277 15
232 419 13
344 383 19
83 428 19
258 459 18
91 399 11
218 392 14
23 286 17
332 481 20
2 274 19
91 168 17
76 146 13
100 220 17
281 466 12
167 384 16
258 409 15
314 473 20
72 327 10
83 315 19
355 489 15
259 378 15
306 361 16
119 314 18
230 427 17
128 420 12
31 256 13
398 450 13
29 89 16
304 381 11
114 182 14
378 493 20
111 326 19
65 358 16
273 462 12
296 438 15
84 329 17
162 185 19
55 345 16
224 457 13
13 444 10
432 460 11
50 361 11
62 309 16
95 207 11
129 191 16
212 348 11
252 324 12
193 474 13
215 425 13
54 91 12
453 479 15
156 334 16
186 489 17
14 326 15
369 480 17
95 142 10
423 457 16
2 177 20
21 228 12
229 285 12
139 202 19
186 251 18
201 445 20
34 471 14
105 387 16
151 482 19
372 414 13
314 400 20
251 383 14
112 383 14
32 54 16
357 403 19
100 272 14
153 164 14
172 218 16
241 308 19
221 258 20
14 308 11
78 155 16
169 492 14
139 351 12
145 275 16
120 297 17
192 425 11
195 425 19
243 367 19
123 208 10
66 290 20
20 312 11
196 270 10
43 396 19
45 179 20
82 348 15
66 283 19
87 156 15
140 497 16
102 463 14
135 456 14
167 434 16
10 52 12
105 383 15
62 444 12
285 422 17
223 255 14
280 473 17
120 339 20
123 210 16
30 53 14
28 218 12
208 462 17
310 406 18
232 259 17
146 190 12
422 431 14
100 264 13
58 268 11
166 429 12
324 351 19
39 361 20
25 33 13
111 330 19
422 460 16
326 411 12
28 162 17
13 236 20
24 262 20
19 215 19
116 329 13
362 396 14
47 470 11
276 322 15
290 382 15
306 415 18
151 319 18
71 72 19
83 171 19
249 477 15
74 91 15
100 298 14
162 262 15
145 294 13
131 202 11
9 83 16
93 248 15
188 352 15
22 206 12
204 400 14
79 402 15
242 352 11
225 352 17
331 405 20
175 366 10
185 335 17
112 296 19
100 335 11
240 346 16
265 273 14
2 458 11
69 192 11
320 496 12
324 387 13
139 177 15
405 407 15
95 335 14
1 99 10
161 434 18
21 88 11
319 473 20
108 380 15
224 260 12
342 430 15
84 366 10
42 217 11
315 332 10
67 318 19
191 489 14
414 479 20
57 148 14
9 71 15
58 301 17
239 409 16
28 114 19
197 489 20
81 376 14
410 418 14
168 343 20
347 478 14
107 119 19
246 424 10
294 425 11
18 172 16
27 499 10
324 471 11
203 401 16
142 216 20
46 230 14
151 499 19
23 37 17
153 479 12
145 309 15
114 483 17
108 332 12
246 275 17
63 406 12
166 463 10
153 187 12
92 287 13
131 262 13
101 382 16
4 286 13
125 324 12
287 401 17
242 398 19
52 303 11
76 386 18
193 425 17
358 403 14
52 256 12
205 306 19
102 222 17
330 338 12
346 445 14
105 239 14
369 392 11
381 453 12
375 495 12
290 360 18
50 272 10
98 386 15
18 423 13
51 259 20
205 242 10
47 286 13
193 477 14
129 147 18
128 497 19
26 82 17
215 395 10
120 167 18
87 110 13
51 213 10
325 387 16
96 281 18
22 72 20
80 95 17
1 117 20
74 153 20
151 316 13
120 494 20
255 399 17
200 374 14
443 458 19
187 257 12
326 428 13
228 489 15
272 337 16
19 280 11
121 219 10
53 403 13
364 473 20
100 224 11
47 421 15
445 497 11
272 377 16
40 119 17
158 168 16
335 408 17
188 495 16
25 222 17
14 313 17
69 487 17
109 186 18
62 72 19
408 463 16
334 413 12
166 186 14
49 337 15
386 465 20
138 241 10
421 433 12
393 478 19
59 81 10
118 407 16
259 267 13
327 483 15
131 322 19
221 322 14
66 123 16
392 486 17
4 489 11
6 332 17
301 399 15
194 329 20
3 72 13
232 479 13
295 415 14
43 247 11
431 441 15
26 108 16
22 331 10
33 317 19
99 188 18
147 318 14
209 291 13
76 452 11
265 302 17
221 345 12
33 437 12
1 295 11
82 361 19
48 134 13
12 347 20
78 211 15
290 424 17
122 416 13
67 375 15
95 451 12
115 197 13
465 478 20
125 173 10
178 278 12
258 370 10
128 390 16
243 372 18
399 405 17
147 418 20
53 311 19
40 166 12
148 415 18
243 265 18
323 429 18
280 426 12
210 417 15
233 427 20
147 439 10
200 328 12
100 467 11
52 296 10
171 446 12
55 439 20
120 324 19
35 98 14
107 322 15
102 424 11
348 436 19
27 31 15
13 401 15
328 334 14
57 409 13
20 159 10
43 374 12
365 396 13
126 366 17
54 170 18
288 400 10
281 317 16
65 291 16
193 499 16
80 154 20
130 351 16
52 280 20
63 450 10
265 472 14
32 280 20
185 377 11
236 317 20
116 272 15
267 315 17
53 323 19
178 435 15
349 450 16
178 322 10
301 322 12
34 324 18
93 469 17
327 457 11
237 245 15
213 446 10
32 55 14
408 422 11
264 380 10
236 481 20
230 463 20
140 225 16
278 316 16
316 353 13
103 378 14
18 392 14
116 409 19
114 180 18
51 201 10
36 107 20
282 484 15
69 149 12
300 359 13
260 489 17
309 462 15
108 430 12
128 141 14
76 138 18
97 108 15
280 433 10
156 335 20
212 473 16
53 429 10
417 426 16
173 498 15
53 247 15
82 407 20
73 127 19
165 499 16
11 101 17
263 385 20
148 329 13
464 490 14
168 328 19
93 157 19
309 371 20
400 425 10
290 495 17
78 408 13
41 294 19
116 418 18
40 457 18
272 436 13
272 448 12
194 455 16
6 26 13
31 200 17
147 321 18
113 204 18
221 461 17
317 463 15
178 369 16
0 12 17
382 494 11
278 338 19
363 421 15
345 399 17
169 308 16
113 284 20
31 110 20
179 264 18
67 94 12
97 303 17
388 467 18
416 456 14
63 278 18
329 493 10
117 292 11
5 488 12
56 234 17
131 370 18
6 499 15
189 439 18
305 364 18
98 204 11
264 457 17
229 356 12
61 411 14
63 364 17
64 118 18
461 477 16
289 365 12
64 270 15
30 462 13
309 494 10
84 327 15
286 496 10
136 395 10
319 426 19
177 265 18
269 496 19
353 356 11
43 74 20
77 426 18
49 289 20
126 306 20
286 447 11
189 210 15
438 439 17
139 338 18
160 215 11
203 338 10
182 315 15
213 282 14
14 225 18
50 342 13
68 335 19
145 193 15
324 386 17
42 258 15
262 314 15
377 390 18
36 127 16
125 327 16
46 105 14
287 414 19
22 135 17
81 457 10
221 494 17
270 283 20
18 450 16
157 168 19
204 419 13
100 306 11
171 480 10
244 261 20
378 489 20
167 412 15
20 480 12
391 497 17
171 390 13
214 466 14
193 315 14
25 179 18
249 431 19
261 367 16
204 450 19
345 478 13
136 187 17
191 212 14
3 364 15
291 358 19
135 311 15
293 375 19
15 156 19
105 132 10
308 408 18
340 364 18
45 485 15
78 354 20
78 259 17
62 199 10
40 97 11
23 470 11
29 418 17
141 426 12
315 327 16
153 189 10
114 230 12
20 143 17
91 343 11
304 314 11
5 91 11
102 251 17
251 382 13
221 378 16
377 481 19
178 365 15
18 211 16
112 189 19
133 185 10
113 243 17
242 451 10
261 392 19
63 386 18
0 11 18
381 473 15
62 114 15
196 268 12
145 284 17
30 490 16
89 179 10
250 345 17
75 199 16
76 256 17
248 457 14
3 9 12
25 418 15
202 483 14
298 391 11
85 311 16
367 425 20
102 485 20
17 466 17
234 385 11
32 397 16
88 472 15
198 319 18
50 123 13
172 267 20
89 131 14
118 250 13
159 305 18
91 124 15
255 471 10
321 384 10
394 408 19
323 465 10
119 335 15
243 368 12
203 454 16
122 498 16
90 484 12
146 371 17
90 338 18
156 398 11
59 204 16
39 422 11
128 161 14
69 165 15
60 495 15
274 350 13
280 417 18
227 372 13
17 468 16
55 459 19
194 202 19
11 421 19
194 195 12
194 207 11
175 218 10
357 473 17
82 83 16
84 277 17
265 301 13
134 365 20
51 304 11
45 111 18
234 332 18
97 212 17
196 361 20
123 181 18
283 472 15
276 306 18
121 440 14
169 208 15
128 410 18
284 335 20
146 321 13
87 472 11
139 185 18
184 209 14
39 423 18
142 367 15
339 433 17
89 242 12
200 363 14
129 367 16
16 291 16
294 447 18
146 436 16
222 459 16
312 475 14
105 472 14
52 82 14
26 398 15
117 212 12
105 482 19
326 495 17
12 291 11
409 490 20
150 326 18
329 363 19
222 392 16
279 433 13
133 430 16
181 274 20
108 349 14
83 349 11
84 186 14
299 327 11
237 354 16
99 135 13
16 326 20
103 328 11
92 452 11
270 291 15
284 300 14
146 305 16
176 232 12
167 458 11
220 457 11
350 361 14
38 165 17
27 379 19
146 261 13
127 360 11
8 490 14
305 488 16
194 498 10
123 430 13
276 424 12
91 129 10
432 445 16
192 348 13
141 228 18
9 359 19
222 449 14
188 382 11
110 248 12
171 270 18
22 452 17
130 229 14
355 497 17
38 175 16
14 71 15
145 272 15
155 318 17
290 328 19
228 461 18
106 299 16
26 356 15
129 198 12
357 417 15
214 435 11
0 112 17
200 464 17
196 350 16
69 264 15
11 172 13
111 291 20
14 65 11
59 205 19
73 244 17
399 492 14
263 442 17
56 434 19
305 445 19
56 351 11
87 298 17
21 478 19
194 481 11
355 440 19
21 236 18
406 490 17
92 491 14
31 133 16
75 357 11
114 157 10
341 464 19
6 194 16
2 249 16
98 187 13
274 289 13
67 221 17
70 305 14
74 174 19
323 482 17
170 233 12
238 390 12
160 406 19
163 400 19
303 375 14
303 477 13
8 305 19
40 481 19
133 476 12
348 356 13
201 467 20
320 392 18
245 496 10
381 497 17
101 135 17
197 400 15
168 181 15
82 202 11
111 316 11
235 487 12
77 173 19
75 204 12
155 369 16
297 304 15
106 161 15
171 221 19
88 310 14
43 371 12
460 467 17
230 243 11
317 328 12
42 68 10
398 448 17
186 272 11
24 99 19
275 412 18
100 112 20
134 416 20
230 274 15
72 89 17
24 381 16
246 375 13
409 449 19
313 447 12
277 356 15
193 219 14
62 338 14
20 113 18
113 281 19
36 59 12
173 275 18
84 198 14
136 339 15
141 351 19
360 408 19
191 413 19
372 388 17
121 451 14
149 349 10
164 262 20
127 381 18
24 49 20
192 438 13
34 405 18
396 402 18
67 91 20
165 282 12
32 427 14
70 350 11
10 410 12
411 493 19
136 271 10
24 173 13
283 323 11
328 415 18
291 494 15
129 172 13
113 319 17
153 200 14
33 363 16
89 128 16
202 206 10
234 402 17
120 479 17
130 252 14
405 476 10
69 350 10
18 157 16
132 184 20
47 215 17
33 82 16
258 404 18
200 455 10
47 204 20
118 499 20
23 38 19
184 345 18
165 428 12
305 471 20
122 403 20
203 362 10
136 334 14
194 420 20
20 415 18
98 337 17
180 322 17
121 313 19
121 234 12
55 172 19
155 195 16
152 228 14
206 451 10
170 396 20
89 493 16
115 297 13
175 457 17
197 326 15
167 205 12
249 463 20
92 230 12
126 340 13
132 444 14
51 265 18
255 279 11
189 338 17
107 191 14
78 165 12
42 408 19
205 454 20
94 451 19
26 414 16
315 354 17
40 79 17
465 487 18
332 447 19
57 318 10
156 176 16
132 482 15
62 406 14
4 240 12
100 413 11
340 472 19
102 231 17
46 403 15
46 237 11
54 125 20
324 346 11
71 377 13
61 247 12
62 391 20
69 392 14
158 300 17
185 212 15
353 465 14
58 468 18
6 247 11
238 428 20
395 421 15
146 237 20
187 493 19
430 454 14
156 220 20
482 499 16
224 305 19
56 337 13
143 155 18
205 393 13
277 411 17
279 340 18
136 423 17
407 415 18
93 309 19
152 206 12
291 387 13
369 398 18
192 248 12
415 491 17
27 126 15
178 240 18
134 244 16
105 134 17
255 411 14
235 340 15
47 183 10
120 218 18
46 490 11
2 384 10
94 389 12
207 492 15
165 240 13
364 431 20
103 169 18
302 408 14
226 330 20
117 469 20
257 466 20
35 125 12
3 52 12
184 193 19
427 437 14
352 470 15
91 93 16
120 418 15
118 279 13
265 267 12
144 306 17
369 390 20
52 114 10
100 312 19
0 413 18
399 416 12
237 290 13
291 313 20
53 316 10
159 309 15
232 241 10
136 372 12
434 435 19
303 388 14
134 224 12
34 352 20
193 254 20
306 491 16
283 305 12
51 233 10
16 249 13
34 220 12
71 476 17
241 420 13
429 489 17
148 443 19
302 435 10
324 402 20
69 107 10
456 499 20
149 441 20
266 318 17
117 426 14
83 195 11
142 307 11
286 308 16
424 449 13
44 473 13
159 218 13
283 460 10
117 363 18
423 441 18
137 180 12
57 224 15
15 180 18
96 396 13
373 459 13
80 306 18
83 130 15
57 259 14
163 361 13
37 300 16
213 322 17
336 457 18
36 365 18
75 102 13
242 443 14
143 395 14
11 49 12
17 279 15
114 350 13
176 489 11
282 366 11
165 243 17
365 449 13
106 487 10
216 310 13
136 238 12
85 103 17
208 326 12
75 483 19
24 59 12
241 448 12
8 470 18
340 452 16
29 441 20
19 58 13
166 171 12
102 146 19
195 400 18
340 487 19
422 475 13
214 452 12
325 346 15
66 489 12
65 342 16
96 156 11
142 276 10
292 312 14
118 415 20
130 348 13
379 440 20
357 392 11
139 364 17
147 235 11
129 400 19
338 441 11
160 371 20
44 256 10
65 133 13
234 277 16
221 285 20
149 364 11
136 190 19
23 181 20
33 231 18
144 236 13
328 388 11
11 140 10
21 353 10
36 40 17
8 229 14
55 240 17
213 275 19
154 399 13
36 128 13
95 450 16
114 261 19
141 437 13
59 86 10
77 331 11
164 241 19
138 348 15
322 459 12
191 284 18
53 156 12
41 219 15
18 228 18
159 410 18
164 404 18
224 225 16
33 274 18
28 430 13
428 498 11
219 391 13
358 390 11
2 221 13
155 420 14
238 250 17
61 218 11
299 387 16
77 212 13
304 318 20
105 347 10
205 430 17
54 265 19
126 142 16
155 473 17
88 426 10
279 434 17
238 241 18
90 449 20
216 269 16
392 405 15
218 385 10
204 437 15
81 484 17
35 259 16
197 387 14
328 447 11
269 362 14
143 416 20
153 405 13
424 442 10
78 138 19
372 430 11
24 164 19
59 114 11
129 185 14
89 311 20
332 451 11
473 491 19
295 498 14
186 278 10
200 249 17
33 442 11
428 432 10
143 370 18
137 474 14
316 441 10
146 376 15
174 285 15
116 403 11
176 304 17
378 416 16
27 120 18
54 463 10
111 398 16
63 302 11
91 403 20
190 266 10
61 430 17
117 380 19
176 463 11
125 353 14
28 104 18
18 58 12
101 436 19
192 442 20
239 484 19
297 480 17
9 240 18
17 433 10
259 332 18
174 312 15
170 381 20
5 34 15
144 333 13
40 250 11
144 282 14
278 330 13
362 401 19
160 306 19
81 359 19
384 441 16
236 244 12
267 402 13
83 357 15
128 427 18
48 355 10
65 478 18
392 437 20
109 352 10
261 422 12
77 266 11
34 464 19
383 429 11
264 400 14
129 423 13
207 227 14
242 266 17
56 73 19
171 284 15
423 453 14
280 355 13
167 313 17
227 301 19
137 315 12
61 376 16
37 172 18
6 322 12
174 198 14
409 436 10
4 60 16
431 493 10
191 388 17
78 453 13
168 288 16
434 468 17
194 317 20
204 273 18
139 234 18
145 314 13
65 168 11
181 277 15
158 463 12
280 311 17
153 249 20
116 186 20
460 473 16
144 157 11
63 414 11
4 46 14
48 151 12
22 404 14
3 10 18
75 185 15
339 408 11
119 206 17
26 434 10
2 335 20
258 271 11
281 495 17
366 439 18
42 406 15
408 480 10
169 332 15
290 302 19
389 414 10
237 404 15
228 396 12
179 336 18
416 422 11
74 103 19
7 386 19
271 460 13
69 485 11
212 439 18
57 332 11
242 402 10
0 229 17
87 382 20
187 485 20
283 289 20
147 325 19
98 448 10
117 206 16
117 270 16
136 394 13
168 490 11
252 283 16
151 193 14
38 123 11
3 462 12
118 340 15
29 156 10
58 275 17
109 356 20
4 178 19
298 355 15
202 478 12
181 483 10
139 473 19
296 348 20
6 131 17
3 328 20
179 457 16
144 456 14
104 168 17
417 432 20
382 386 10
241 334 19
292 297 10
61 451 11
21 301 18
288 403 14
87 168 16
451 493 14
20 484 14
44 393 20
83 84 17
282 381 20
463 493 16
242 449 14
53 367 14
449 475 14
163 213 13
374 382 11
447 457 15
226 251 10
242 312 13
25 47 14
214 256 17
245 306 10
243 417 15
164 324 17
156 295 10
237 477 11
35 476 18
342 414 12
411 471 14
13 254 14
228 354 15
149 226 20
187 482 13
393 394 12
221 373 13
147 259 12
92 280 20
176 199 13
121 462 12
413 484 13
47 376 13
273 422 20
194 276 17
352 404 13
210 394 13
6 72 13
37 460 18
216 224 18
40 286 13
11 51 19
30 230 13
362 378 19
0 224 10
151 231 11
106 255 11
54 496 14
34 36 14
234 301 14
28 155 13
230 250 16
71 121 12
20 41 14
189 218 10
2 112 11
24 222 12
7 170 11
158 234 11
78 196 16
297 314 17
194 431 17
174 307 18
44 341 14
365 381 15
38 103 14
223 418 11
198 481 17
192 444 14
84 429 19
14 38 14
177 405 17
3 390 19
34 333 13
112 246 18
41 222 11
292 420 13
38 189 17
60 164 19
215 401 11
159 269 11
253 318 12
249 469 18
1 127 19
17 177 13
198 349 13
379 407 20
232 242 17
105 203 14
313 323 15
92 355 18
322 476 14
245 400 18
55 303 14
271 400 12
158 287 19
81 426 12
161 198 12
134 464 10
79 175 19
258 446 17
90 369 17
24 258 16
72 363 11
265 338 17
325 467 18
62 149 14
119 265 10
154 352 15
321 447 18
158 326 15
186 433 11
40 491 19
98 335 13
13 324 19
143 165 10
154 268 15
298 305 11
215 472 15
238 265 17
13 450 16
277 400 16
52 200 11
45 448 10
15 70 10
74 267 13
108 201 11
188 208 18
86 298 12
5 119 14
69 304 14
28 271 18
107 202 16
120 395 13
294 499 10
259 265 13
63 75 13
122 152 10
409 458 13
188 328 12
201 338 10
291 461 12
9 197 10
79 283 19
141 230 13
151 369 16
475 487 12
55 393 10
203 369 12
32 284 13
204 499 17
55 94 17
170 457 10
69 482 19
109 372 12
395 494 12
51 474 17
154 330 16
158 317 14
47 267 12
225 419 11
71 487 16
180 474 11
295 494 15
183 187 13
241 365 10
112 421 10
297 492 13
21 198 18
93 430 14
230 400 20
172 275 11
373 493 15
206 268 19
251 427 12
96 423 19
65 109 19
43 403 17
312 348 12
40 248 17
24 111 11
319 409 19
339 386 18
194 394 18
71 184 17
96 262 11
77 452 11
120 194 11
75 336 10
356 437 17
363 406 12
318 434 10
165 401 12
203 258 15
209 313 19
161 288 10
193 417 12
221 445 14
381 451 20
39 373 12
192 227 19
128 335 20
176 269 11
74 235 11
350 477 10
299 496 19
391 412 19
12 174 15
111 310 11
50 329 15
53 223 16
27 28 17
101 315 15
41 169 18
17 407 19
7 169 11
46 358 20
283 363 14
127 351 19
64 492 14
126 145 13
233 472 15
6 81 12
270 409 10
5 258 14
19 332 19
253 475 14
9 171 19
72 97 10
96 402 11
25 302 15
113 192 20
364 446 14
12 129 11
2 215 20
129 388 20
42 202 16
368 397 15
316 407 11
142 450 14
164 394 12
262 393 15
113 314 14
17 239 13
71 435 11
107 340 15
381 423 18
227 383 13
135 360 19
291 474 12
170 286 17
226 294 14
351 436 20
299 472 12
85 409 13
149 490 17
35 225 18
224 452 15
67 295 15
329 476 18
86 260 15
101 114 12
100 478 20
205 414 15
87 312 10
24 480 17
2 248 11
268 432 14
22 217 18
300 334 11
20 194 12
145 437 15
0 9 12
102 136 14
7 451 13
195 241 10
43 433 17
177 357 13
305 387 18
215 263 13
256 374 14
72 305 13
59 443 20
220 313 12
93 205 13
129 381 19
162 227 20
35 76 10
83 208 14
306 492 15
30 84 12
187 420 15
14 205 18
350 383 17
167 219 12
207 328 18
140 292 10
224 368 15
16 47 18
113 221 15
36 290 15
47 164 20
296 297 15
137 204 14
95 217 11
157 180 18
4 158 16
435 489 20
25 293 14
302 433 14
27 390 17
105 244 14
190 276 17
21 285 20
174 308 17
280 292 11
208 374 16
263 325 15
404 446 16
329 464 19
7 301 12
109 179 11
244 402 15
45 463 13
80 276 13
109 163 11
208 304 15
35 170 14
27 396 13
489 498 18
28 286 18
345 419 16
50 189 15
242 457 16
120 363 14
158 282 16
165 264 16
51 322 13
134 454 17
214 257 14
162 220 15
4 110 16
156 161 17
190 269 12
200 431 18
255 429 15
24 132 13
322 404 15
15 282 13
151 320 10
89 403 19
169 447 15
53 326 17
320 380 15
189 475 19
164 181 14
226 252 16
80 270 14
351 386 19
17 36 19
77 241 17
164 417 17
261 313 16
320 370 20
443 469 12
225 396 11
1 56 10
244 479 17
316 428 18
6 237 18
87 455 14
118 208 10
64 239 18
216 291 10
210 256 12
80 243 18
105 463 11
286 446 13
56 302 16
263 364 12
211 302 13
298 371 12
209 355 17
28 220 16
78 339 18
188 209 12
302 368 20
11 369 14
299 398 19
107 299 13
3 97 20
138 467 18
61 174 17
173 469 11
251 391 11
212 243 16
134 225 18
94 268 10
126 401 14
183 281 12
18 420 12
72 104 17
129 477 14
419 456 13
146 397 11
67 287 10
130 416 19
30 97 17
206 222 19
180 220 19
174 413 13
55 274 19
191 356 15
177 397 13
279 409 16
31 440 16
151 332 12
443 465 17
294 408 11
9 330 10
264 458 20
271 351 17
221 471 16
84 464 16
103 148 20
63 376 10
330 473 20
124 298 12
291 316 15
227 303 10
141 470 13
432 494 14
14 454 11
28 210 14
175 450 15
28 442 18
34 371 19
473 482 10
19 80 12
150 479 11
83 478 14
357 451 17
7 12 15
8 31 14
230 385 13
19 111 16
54 94 15
22 224 11
339 382 15
91 337 11
17 105 10
0 90 15
73 324 16
45 492 19
218 423 13
95 358 14
75 499 15
45 200 14
19 426 16
92 320 17
205 218 15
16 77 15
183 440 20
123 308 14
103 294 17
158 447 15
29 483 17
278 404 19
171 327 15
71 439 16
321 349 15
147 386 16
39 439 14
358 386 18
226 434 18
168 430 16
298 336 15
13 479 20
72 265 18
140 317 16
25 496 18
269 435 12
75 347 15
111 292 18
127 483 20
220 433 13
16 462 20
345 445 10
341 452 19
116 264 11
105 200 13
27 32 10
49 147 13
234 394 11
102 462 12
254 297 11
21 48 12
236 336 20
330 356 12
126 299 10
160 308 12
224 266 13
263 468 19
204 346 11
265 485 10
34 412 17
51 182 13
71 371 12
76 398 10
68 365 15
320 433 14
83 437 10
357 404 16
106 251 18
274 311 19
271 327 20
422 446 10
200 432 16
316 325 12
63 461 20
165 419 10
397 469 10
115 125 12
341 355 19
305 398 17
71 209 10
26 37 20
6 165 12
55 362 14
46 402 17
16 457 11
154 417 18
286 463 18
431 488 20
50 274 11
148 332 16
69 180 11
273 335 15
207 499 18
45 341 13
61 493 10
120 275 16
40 210 15
13 360 15
3 191 17
107 311 18
11 103 19
178 257 11
128 299 12
1 174 20
379 438 13
17 60 13
90 496 15
465 496 17
240 387 15
90 145 15
34 234 10
149 298 16
92 105 10
111 393 12
174 419 20
346 380 20
30 187 18
252 378 17
159 469 19
226 476 12
25 284 14
89 326 12
192 324 12
10 245 13
83 223 14
297 491 15
174 259 18
277 300 11
239 446 20
128 351 20
149 289 12
285 365 16
2 223 18
243 496 10
128 153 16
202 395 10
17 126 12
121 390 19
66 211 14
372 451 13
283 497 16
153 288 14
181 369 16
349 481 10
1 142 11
363 445 18
215 440 18
407 489 10
29 191 11
241 414 17
66 360 18
314 359 17
237 407 14
26 437 11
292 435 12
351 381 19
402 455 18
89 252 19
70 405 11
77 435 15
466 491 13
205 441 12
158 235 19
151 470 16
101 244 17
230 242 12
3 175 18
204 233 10
432 449 17
42 69 15
92 93 16
83 429 16
49 448 17
109 288 16
99 178 19
143 301 14
2 26 13
83 222 18
345 481 14
264 487 12
33 150 20
255 283 15
400 468 19
159 367 17
157 353 18
201 481 15
94 138 19
67 499 18
72 485 18
147 227 10
353 467 17
38 305 18
3 247 12
54 128 19
135 358 15
199 469 16
77 397 14
427 432 14
385 456 13
347 383 18
285 349 20
241 376 19
148 497 15
249 333 17
425 429 20
495 496 20
47 169 16
273 304 18
65 401 18
27 257 11
30 101 19
212 360 19
129 264 19
85 303 15
379 485 18
257 338 19
349 409 11
23 106 16
257 301 12
214 305 19
100 147 15
321 450 16
127 208 19
149 345 11
191 262 18
44 316 19
124 419 15
257 285 16
133 412 11
289 497 11
46 355 17
373 487 18
65 188 11
88 357 16
353 407 16
201 300 11
175 435 12
125 308 12
201 365 17
67 300 19
6 83 20
92 224 14
36 434 19
152 356 12
210 325 19
90 167 13
63 347 17
37 325 18
89 93 17
154 265 16
195 345 16
124 424 15
1 317 13
90 106 18
311 313 13
181 378 17
77 457 18
65 435 13
277 324 19
132 252 12
378 442 14
70 440 12
481 486 13
83 407 10
333 398 10
1 16 12
213 388 14
100 246 14
110 427 17
42 95 19
76 483 13
32 274 13
276 431 14
189 300 13
187 281 10
162 254 14
59 219 20
282 437 10
199 222 14
322 448 14
325 422 14
340 389 16
52 244 18
59 352 18
121 296 11
98 485 20
164 328 16
80 352 12
443 448 10
188 255 13
203 215 15
191 376 17
312 350 12
401 485 18
54 328 10
83 121 11
282 405 19
250 431 17
31 431 18
90 181 20
243 252 12
255 288 16
52 396 14
66 197 17
18 376 14
80 252 18
170 197 12
317 457 13
326 458 20
197 398 15
259 282 16
120 480 18
214 379 16
22 288 10
29 194 15
101 386 20
120 227 10
254 455 13
125 392 17
3 442 15
244 311 17
251 379 15
75 321 19
393 401 16
211 307 19
284 496 19
151 397 10
468 490 12
19 144 20
85 393 20
108 330 14
338 377 19
152 403 15
3 424 10
249 358 15
101 215 12
48 219 11
227 316 17
4 389 14
22 363 18
434 460 14
83 88 13
443 474 16
232 461 20
101 199 14
122 439 11
56 105 14
147 186 18
236 352 11
216 295 19
85 484 10
143 355 12
170 344 19
89 464 10
214 229 17
269 389 11
370 425 16
160 287 12
95 282 11
243 283 13
401 490 14
90 299 16
205 309 11
271 364 19
11 329 20
20 347 10
3 116 14
109 252 11
246 269 16
223 476 14
239 388 11
337 433 12
133 293 17
33 232 14
416 421 20
115 415 13
199 296 10
19 331 11
116 335 14
31 71 13
132 214 13
38 409 10
24 359 15
462 490 17
42 201 18
179 263 15
72 324 13
305 352 17
22 139 13
16 143 17
138 490 14
107 169 16
328 403 12
90 316 13
349 451 15
290 316 10
187 367 12
26 233 19
5 337 15
136 363 11
60 249 14
274 387 14
172 271 14
199 208 18
11 41 10
257 462 13
37 415 14
49 396 14
393 404 13
48 390 20
52 186 16
29 447 10
326 384 18
73 113 17
73 466 15
16 80 20
58 303 12
39 333 12
243 332 20
216 315 18
268 347 10
118 251 18
325 371 19
111 475 12
170 391 15
378 465 13
388 406 15
310 351 14
122 476 16
355 493 12
1 476 12
296 432 17
170 460 11
119 169 15
46 104 18
10 264 10
38 178 11
483 490 13
28 282 10
82 480 17
39 174 19
77 436 12
65 464 20
80 444 18
201 223 13
19 338 18
11 150 19
153 281 12
58 339 15
102 428 14
56 442 14
4 136 20
113 132 14
301 420 15
87 212 14
35 238 19
163 478 11
107 445 16
179 491 11
168 233 10
415 498 19
401 436 17
455 485 15
15 175 13
141 497 12
308 492 20
275 458 19
405 479 12
308 352 11
34 388 13
398 465 17
318 350 19
10 320 17
73 278 13
48 328 11
113 151 15
183 449 16
13 251 13
70 470 19
158 482 13
270 342 16
342 409 11
96 271 19
475 485 16
77 461 14
0 481 12
3 81 12
182 278 13
100 424 19
336 371 11
64 275 11
108 420 16
323 473 15
205 238 17
50 97 17
89 115 11
312 422 18
51 386 12
159 194 17
302 423 19
42 423 19
18 337 18
1 393 18
54 457 17
447 473 14
65 135 20
293 384 13
246 348 17
232 316 10
9 204 16
359 450 19
159 435 11
345 408 13
194 205 20
208 209 13
150 356 10
109 128 20
288 302 10
365 425 15
187 239 13
299 335 17
171 478 18
358 475 18
31 98 13
109 111 13
165 241 10
284 317 19
18 49 20
209 241 15
69 195 13
77 449 10
411 470 11
177 373 17
367 386 11
181 214 18
22 54 17
234 369 19
397 423 14
297 317 12
80 324 16
266 362 20
388 479 12
241 478 14
8 343 17
301 423 17
187 455 12
184 482 11
109 483 13
147 242 17
89 332 17
79 367 13
119 177 13
14 419 11
58 435 11
217 225 13
129 260 20
317 490 10
147 279 14
129 458 15
468 471 20
94 283 17
266 356 16
188 340 19
39 83 13
196 252 11
180 219 11
153 335 18
290 401 19
5 461 10
184 435 17
185 259 18
97 473 17
318 419 13
487 489 16
464 497 10
166 407 20
35 146 11
282 433 18
210 261 12
43 486 16
67 484 13
154 278 18
54 81 19
214 264 10
120 142 13
11 307 12
313 444 11
106 415 11
70 277 13
339 465 17
417 493 17
104 397 20
101 130 16
12 470 18
315 431 20
269 425 10
103 381 11
109 424 14
5 215 15
189 428 17
371 465 17
44 190 19
109 449 19
75 306 15
199 311 16
186 194 17
61 480 12
72 426 15
41 447 11
372 483 19
64 289 11
305 425 13
66 73 15
22 338 15
419 449 15
150 221 19
80 435 14
65 419 19
265 333 11
315 378 18
135 497 12
437 464 17
58 251 19
200 210 14
162 283 10
71 117 12
116 291 19
105 341 15
224 367 11
227 398 15
355 432 20
195 429 19
5 492 11
55 376 17
45 63 14
54 184 12
136 306 12
71 189 18
222 244 12
208 324 18
9 124 18
373 469 20
119 418 15
28 322 14
141 450 20
245 480 14
170 271 19
410 428 17
29 239 14
193 275 16
316 481 10
341 467 11
137 390 13
68 467 15
30 200 15
216 337 16
130 277 17
304 460 12
38 372 16
278 292 18
62 367 10
49 171 10
193 347 18
111 331 18
0 355 19
155 177 15
24 297 10
95 300 13
357 486 16
110 118 18
122 215 10
434 445 10
292 481 16
74 349 20
214 495 16
45 256 18
55 339 10
62 307 12
85 177 13
118 491 20
9 230 17
268 337 20
438 469 12
6 282 19
287 388 20
16 497 17
114 353 12
176 447 10
91 105 17
33 271 13
242 400 15
26 42 18
263 264 18
205 206 20
342 442 15
35 79 19
343 432 13
212 440 20
29 300 18
51 426 18
34 156 12
89 293 16
62 410 11
15 220 18
168 491 20
269 457 15
293 450 15
36 411 19
34 373 16
283 492 16
0 342 10
267 348 14
230 312 16
117 210 16
90 295 14
162 316 18
72 153 17
160 317 11
144 201 14
258 295 10
238 283 18
304 397 11
109 269 14
211 324 11
183 482 12
125 269 16
247 298 18
11 76 15
466 472 20
36 257 15
82 324 16
266 454 10
161 477 11
101 162 16
114 369 14
147 248 18
320 382 10
162 297 12
34 152 16
213 431 12
16 105 12
124 247 20
18 427 18
226 417 13
103 210 20
213 412 13
93 484 18
72 149 14
56 454 13
16 338 11
284 398 15
109 337 15
357 436 16
102 302 12
23 90 19
44 389 11
67 261 10
174 475 12
160 416 20
49 60 20
209 307 15
388 447 20
310 443 20
182 391 12
252 431 12
182 450 17
348 494 16
225 313 12
190 372 12
189 491 10
93 476 16
311 437 18
4 78 18
244 319 11
100 382 11
18 444 16
64 458 18
379 441 13
65 112 10
67 309 17
52 87 18
35 61 16
228 339 18
40 334 19
66 436 17
41 178 13
184 199 20
32 436 15
181 392 18
198 263 14
128 233 20
397 412 20
237 490 19
307 408 20
166 430 11
1 54 19
43 497 18
254 464 19
149 215 20
1 436 18
454 466 17
318 458 17
261 326 13
33 431 15
203 419 14
378 411 16
175 355 12
79 456 18
59 468 17
336 495 11
76 252 19
198 395 17
152 263 13
31 243 12
123 298 12
447 474 18
114 262 17
296 372 16
220 409 13
148 322 15
308 395 17
31 153 20
176 408 14
207 279 18
50 178 19
82 213 13
338 479 19
196 311 16
40 375 18
42 394 20
197 458 14
300 397 10
80 152 18
46 399 20
207 478 12
492 497 13
312 330 11
57 346 10
16 366 19
139 218 15
473 486 12
70 429 13
191 205 17
170 256 10
96 137 10
290 489 17
118 442 10
322 483 14
187 472 11
66 195 11
291 322 17
237 372 16
153 349 10
126 147 11
68 326 17
16 267 20
2 187 18
16 363 10
27 165 20
395 469 16
171 397 17
309 376 14
193 336 14
24 355 17
273 306 15
36 346 18
102 340 14
203 235 20
3 171 19
57 128 20
102 223 13
10 420 15
154 378 19
146 247 17
24 243 18
61 499 14
1 227 12
274 442 11
35 115 15
331 416 14
178 485 17
3 168 14
86 365 12
25 236 16
54 277 14
299 466 16
4 59 10
196 362 11
82 255 14
46 461 11
47 249 20
144 495 10
201 251 12
21 25 11
146 482 10
212 272 14
230 396 16
47 154 14
27 226 18
110 260 16
11 179 17
46 127 20
102 214 12
34 495 12
98 433 16
162 376 10
156 347 17
87 254 11
145 325 17
184 444 10
205 464 19
169 295 20
291 434 11
423 448 10
65 83 13
67 224 11
224 357 15
254 342 20
79 291 14
192 286 20
252 408 15
148 458 15
16 148 11
272 409 14
234 271 10
238 286 12
166 330 15
98 245 12
12 432 13
415 487 11
58 289 17
86 269 13
205 342 14
68 472 10
104 171 15
173 486 15
347 372 12
308 313 19
110 209 13
1 217 17
292 338 19
325 429 16
157 488 14
243 413 17
239 385 12
248 293 18
236 471 14
314 421 14
152 434 15
355 446 15
73 281 19
50 63 12
173 466 14
22 210 20
262 454 17
61 185 10
330 418 11
61 478 19
98 252 11
108 383 13
345 426 15
92 237 16
47 257 18
67 376 15
119 478 12
97 315 16
308 406 17
38 281 16
6 420 13
313 449 19
129 320 16
113 459 13
231 375 19
80 309 11
95 290 15
123 185 15
377 409 16
340 394 15
44 175 13
376 428 11
310 466 15
246 449 18
344 366 10
274 379 11
143 381 12
52 410 12
199 241 12
117 335 13
193 324 20
179 494 18
187 310 11
130 271 20
220 450 15
282 398 12
362 475 13
135 152 16
232 468 13
35 463 16
277 461 15
93 492 16
245 346 11
150 486 17
300 380 17
376 385 10
128 210 18
11 141 14
369 445 13
137 470 13
331 363 16
61 145 11
154 450 20
268 465 15
377 451 18
55 291 20
107 219 18
96 236 13
168 323 17
170 428 13
206 258 20
207 457 15
74 316 18
180 275 18
3 466 20
324 411 10
19 436 13
159 366 19
38 113 16
285 403 11
199 357 12
14 300 17
302 311 14
230 386 20
303 377 18
138 163 20
26 485 15
63 431 19
297 445 19
363 437 15
75 340 19
89 487 16
103 376 19
166 243 11
287 330 16
400 449 20
223 412 18
49 495 20
115 338 17
446 490 14
199 366 11
77 411 18
52 288 15
20 85 14
126 374 13
186 257 18
202 291 19
65 193 20
58 383 13
158 476 18
57 288 16
14 484 11
49 181 11
204 460 14
264 416 12
33 90 14
281 462 16
335 381 13
138 204 10
212 427 11
117 152 11
269 490 15
107 280 19
83 473 15
272 439 20
141 143 19
249 266 19
46 255 17
115 156 14
21 126 14
220 460 10
276 393 15
41 141 19
100 250 11
54 248 13
33 49 13
177 363 10
142 353 15
236 396 20
198 204 17
6 175 20
229 234 15
306 477 18
14 465 17
99 418 14
173 201 11
106 326 19
306 336 10
388 493 12
22 71 12
463 499 19
138 292 19
45 189 18
267 450 12
15 77 16
36 302 10
106 148 14
210 431 14
271 308 16
221 272 15
254 271 11
80 467 15
119 374 17
438 478 11
30 406 16
44 385 12
333 376 19
244 401 15
304 389 10
264 312 12
143 326 12
267 465 17
56 293 13
339 363 20
164 167 15
47 264 20
28 312 12
48 372 16
254 410 16
281 319 12
65 160 13
114 248 14
107 474 19
194 290 20
311 489 11
23 396 13
10 336 10
114 272 14
14 369 20
140 229 13
27 361 15
33 80 18
115 281 11
232 279 14
32 292 15
328 397 12
270 495 14
153 398 13
333 459 15
75 172 16
153 302 15
14 85 20
229 235 17
103 170 20
141 171 14
173 194 14
48 298 17
66 408 19
40 168 10
235 425 10
55 88 15
107 289 12
110 399 12
255 395 18
250 263 10
278 441 19
333 410 16
313 427 19
275 407 20
16 402 16
80 103 16
320 335 16
452 480 14
201 211 12
88 123 12
215 406 18
362 477 18
209 392 11
225 475 11
232 392 14
12 33 12
297 377 19
265 352 12
389 460 16
394 406 10
127 167 18
308 420 12
31 225 16
173 394 16
20 36 19
132 398 11
449 487 14
52 137 19
87 260 14
180 352 20
123 376 11
182 335 10
106 111 17
161 421 10
196 243 11
111 216 10
133 272 20
246 346 19
116 209 16
236 246 11
42 363 12
19 158 19
198 307 19
23 145 10
36 496 18
302 469 15
318 468 18
140 149 10
115 171 14
448 452 18
197 368 12
29 195 19
326 478 18
6 251 11
56 311 20
189 302 20
277 406 16
153 316 11
114 364 19
299 478 16
150 279 15
180 203 20
118 199 14
377 487 20
319 425 19
28 229 15
133 228 19
255 262 11
88 185 18
32 104 10
18 381 12
258 410 12
288 469 17
72 183 18
135 261 13
296 435 20
130 419 18
151 426 19
174 487 10
449 457 20
46 492 17
15 299 17
133 155 18
288 305 19
100 296 10
67 395 11
224 407 19
8 421 12
3 421 19
351 430 11
190 196 17
298 378 12
63 486 17
184 427 20
183 290 12
249 481 19
98 155 11
40 69 10
124 162 17
290 400 10
126 152 15
452 464 10
134 340 19
145 223 14
16 54 11
172 240 12
59 177 20
70 327 19
340 390 14
183 409 14
203 295 15
156 173 18
15 457 15
114 154 16
8 311 13
376 418 11
272 341 14
74 221 14
143 178 11
66 181 18
101 411 11
138 381 20
78 194 13
37 314 16
132 419 18
14 417 17
181 281 13
158 461 13
59 289 14
154 433 14
381 406 12
351 410 12
106 200 18
190 418 16
266 402 20
318 413 17
41 55 12
265 366 15
104 393 20
238 426 11
193 468 11
44 235 19
144 247 11
402 492 12
46 102 18
21 306 16
166 275 11
55 470 10
223 259 13
341 496 13
396 447 11
162 481 13
27 455 19
476 490 13
226 309 10
72 468 13
104 422 14
122 194 17
395 480 17
227 331 14
88 452 16
245 318 12
73 366 13
45 319 16
217 335 14
267 300 16
24 31 20
113 167 10
286 426 10
240 433 12
101 427 12
223 372 19
4 343 18
50 490 10
15 236 14
339 429 11
322 433 15
158 495 14
17 88 19
199 338 15
145 391 14
30 207 15
142 293 16
91 297 10
54 118 17
70 170 17
164 178 16
7 179 20
309 344 12
248 423 13
264 297 14
124 340 12
69 275 17
9 342 12
447 486 20
172 231 19
183 496 17
76 451 12
453 457 20
61 212 19
338 484 10
230 331 13
111 229 16
58 290 12
74 363 19
461 462 12
297 488 19
45 499 15
92 406 16
226 256 14
57 113 12
9 134 15
51 268 20
149 179 10
139 349 15
25 341 17
140 169 16
93 418 11
174 414 12
52 481 19
100 378 20
38 112 20
284 446 10
138 323 10
98 159 13
170 414 19
38 232 18
112 382 18
28 68 11
86 115 16
14 376 19
73 99 14
233 249 10
119 376 12
31 103 16
108 448 12
21 412 13
58 250 19
447 455 19
18 375 11
97 411 16
252 393 19
125 253 18
6 404 17
127 233 11
432 496 16
20 285 15
180 354 16
100 409 11
210 445 11
308 448 12
56 471 15
442 454 18
433 482 19
296 373 19
127 437 16
93 110 16
333 424 19
134 135 11
1 433 19
31 360 12
136 168 16
6 200 14
219 294 11
74 386 14
136 403 13
69 468 20
431 464 11
299 348 11
335 395 16
6 148 19
144 454 16
13 309 15
247 370 18
124 213 16
364 380 18
156 196 17
443 486 10
40 418 17
209 352 20
180 465 15
333 432 16
177 226 12
289 315 17
260 462 12
180 449 20
226 453 12
40 89 20
193 490 15
402 498 14
90 332 14
42 90 19
135 346 17
53 485 11
427 486 10
187 495 17
5 276 13
40 95 20
171 185 20
20 95 13
94 329 15
6 380 11
118 392 12
166 193 16
22 99 17
473 494 18
123 148 18
245 488 10
185 254 17
275 409 11
448 457 18
348 465 17
211 497 14
335 428 16
175 215 17
72 321 18
441 494 13
67 401 14
55 477 11
30 98 17
219 442 20
279 285 20
34 416 11
202 388 19
477 497 17
32 171 15
187 280 11
84 465 16
252 312 13
29 452 13
305 455 12
184 354 13
18 455 14
396 496 20
133 367 10
