200 400
170 87
75 14
36 14
193 7
146 199
24 77
40 171
33 28
126 97
155 119
14 30
85 151
185 130
31 107
164 182
26 108
133 81
92 190
82 120
197 198
152 76
35 8
7 177
158 118
6 10
93 41
103 72
8 159
41 148
60 46
32 125
115 55
91 38
179 196
79 61
46 157
76 47
70 179
89 197
179 140
68 61
110 57
160 31
83 165
75 30
14 185
51 53
69 171
43 108
127 130
35 74
180 24
129 117
182 16
78 155
133 111
107 95
199 27
72 150
27 36
137 42
183 79
80 115
35 29
146 137
143 59
121 30
88 170
26 165
21 13
194 77
154 186
0 176
111 185
129 110
7 49
94 120
61 19
49 194
146 168
180 99
58 69
171 138
107 46
176 197
186 156
117 127
188 98
98 184
32 184
24 95
30 123
95 165
19 183
62 140
99 126
172 147
73 126
163 154
84 26
151 147
100 55
18 9
25 35
135 86
128 52
142 71
198 63
101 53
88 96
136 3
24 19
78 162
101 51
38 174
13 109
9 85
172 45
140 67
129 60
132 160
31 198
57 5
154 174
87 131
151 158
45 158
167 39
81 8
189 44
185 1
89 76
54 53
175 12
48 187
146 87
55 4
132 189
139 175
96 183
64 82
134 166
123 128
22 1
199 134
157 31
159 133
131 91
182 66
71 183
191 50
16 2
129 127
154 184
184 135
102 65
107 110
76 111
59 56
156 108
46 31
126 96
66 195
104 49
68 7
131 135
103 124
47 106
160 157
178 63
60 40
94 62
66 103
67 77
92 116
69 113
189 15
144 92
156 195
1 75
97 73
143 57
68 104
8 76
150 165
22 45
74 111
29 8
130 153
140 196
96 136
66 164
13 79
9 118
95 46
116 15
65 64
79 15
25 84
59 139
128 106
52 47
53 80
179 23
185 121
40 124
153 129
126 24
120 164
76 81
144 128
181 171
124 183
112 193
191 146
104 177
192 58
76 133
28 0
106 167
9 158
164 15
50 34
10 192
180 173
90 43
114 61
177 48
85 189
40 56
149 44
73 5
142 116
81 89
22 121
187 112
24 96
139 95
44 132
193 31
84 182
24 167
19 15
79 142
141 158
66 17
122 32
20 188
101 118
117 12
50 166
191 137
129 79
131 189
37 21
11 70
124 114
195 90
109 179
98 171
119 11
82 178
13 93
196 109
4 100
145 47
89 29
150 2
56 143
118 172
46 57
42 166
189 10
181 139
100 169
76 96
174 163
178 33
145 157
74 159
25 11
68 49
126 94
181 19
34 191
63 176
2 17
56 129
172 73
26 11
111 47
33 5
12 171
100 54
11 177
145 182
8 32
77 181
59 72
70 152
113 149
184 108
12 20
3 180
108 138
105 196
53 116
193 12
186 108
5 95
47 63
113 10
10 138
50 199
125 62
68 177
123 27
0 83
154 161
120 64
7 153
35 76
120 102
190 94
189 6
87 71
100 9
125 140
99 97
173 99
177 12
147 45
5 145
198 167
189 117
149 10
12 61
15 124
42 199
199 34
171 67
119 25
165 66
60 143
83 120
82 0
106 197
166 146
187 194
105 122
71 116
157 110
168 50
103 164
54 101
165 164
111 35
147 33
21 92
145 160
151 141
8 3
126 114
119 70
185 182
143 40
138 184
86 186
45 18
161 102
59 117
176 198
52 79
20 5
151 45
171 20
152 78
20 116
142 61
162 155
161 88
45 90
39 128
19 114
94 37
24 69
182 72
95 145
23 105
9 45
169 54
17 103
176 167
149 82
1 27
148 144
36 198
194 68
36 22
61 116
